TracheaCarina : 13.077900 162.733994 -54.952202
TongueBase : 11.137800 201.921997 46.074402
Subglottic : 13.306129 189.917480 9.000000
TVC : 14.902900 194.084000 21.000000
RightAlaRim : 40.634800 271.093994 69.671097
PyrinaAperture : 15.034500 262.921997 82.828796
NoseTip : 28.945299 281.985992 67.678299
LeftAlaRim : 14.512400 275.546997 66.768600
EpiglottisTip : 10.642439 191.772461 45.000000
Columella : 29.024799 269.609009 60.963699
PosteriorInferiorVomerCorner : 13.155098 220.546860 72.000000
NasalSpine : 28.945313 259.636292 66.811516
