ClipSphereCenter : 16.7963338194468 235.000902484076 40.8072900304005
ClipSphereRadius : 28.0
ClipSphereCenter : 26.1612792625038 240.187563120862 59.4920988879682
ClipSphereRadius : 10.0
